{
  "A412_holdout_fields_or_labels_used": 0,
  "A412_selection_fields_used": 0,
  "A412_selection_labels_used": 0,
  "A413_source_model_count": 155,
  "A413_source_models": {
    "0": {
      "candidate": {
        "bandwidth_index": 0,
        "bandwidth_multiplier": 0.25,
        "candidate_index": 0,
        "family": "positive_kernel_density",
        "family_index": 0,
        "feature_dimension": 8,
        "metric": "mean_absolute_L1",
        "metric_index": 0,
        "representation": "log8",
        "representation_index": 0
      },
      "parameter_float64le_sha256": "ed6811132c33ea39add61465f752e1ee7215f339449bd6613384575bb6426f1f",
      "parameters": {
        "bandwidth": 0.024692570218255112,
        "prototypes": [
          [
            0.9927719525523968,
            0.9980171741790499,
            0.9482363927675511,
            0.9496724631366557,
            0.8431369251157577,
            0.847075577222974,
            0.7913212522405976,
            0.7904857757251587
          ],
          [
            0.9417913495818792,
            0.9338161041164298,
            0.8884815081476657,
            0.8860072010695985,
            0.9487769313479893,
            0.9486420243728376,
            0.9566904434113642,
            0.9529291115305775
          ],
          [
            0.9812322549667645,
            0.9865346729831114,
            0.967662245151665,
            0.9659601955475612,
            0.9516633481539908,
            0.9506056470203944,
            0.9216683628756543,
            0.9216683628756543
          ],
          [
            0.9612729480517336,
            0.9488667853033981,
            0.6473486937314105,
            0.6145866192789103,
            0.8471802568871761,
            0.8520001395165088,
            0.9465084756200706,
            0.9441963930798286
          ],
          [
            0.7710554527041874,
            0.7781351584993756,
            0.9127284372655406,
            0.9119372829917961,
            0.8816096614650012,
            0.8825489208262529,
            0.8728933288772068,
            0.8739029184635876
          ],
          [
            0.9943204616819727,
            0.9979276214101116,
            0.9815064274612798,
            0.9838119893459681,
            0.9947504938763824,
            0.9939814968401951,
            0.9982854329442894,
            0.9987608644555749
          ],
          [
            0.7960557581261893,
            0.8130463602103406,
            0.9484168424625771,
            0.947784080019058,
            0.9793302011217379,
            0.9797130268770072,
            0.9838119893459681,
            0.9823592086417432
          ],
          [
            0.8434611264450026,
            0.8241886897517592,
            0.683714262020767,
            0.6202452913207274,
            0.4166666666666667,
            0.38208020839342965,
            0.45495263488644144,
            0.27682734124061353
          ],
          [
            0.9676238286034101,
            0.9808198203024534,
            0.8805045031809243,
            0.8744879541034019,
            0.8246943669924951,
            0.8263232815696478,
            0.8439995267480328,
            0.8438920394035992
          ],
          [
            0.7032326543815217,
            0.7141546340275791,
            0.945357992326318,
            0.9465084756200706,
            0.8457063818481898,
            0.8506861965283158,
            0.8889259618395856,
            0.891341514246322
          ],
          [
            0.682072945242357,
            0.66713537909949,
            0.8967959360370399,
            0.8973486937314106,
            0.919049731422259,
            0.9188193056943356,
            0.946279258035401,
            0.9469199691880429
          ],
          [
            0.762267077078519,
            0.7684655934387338,
            0.9604600674245892,
            0.9624018257048959,
            0.9934247573422327,
            0.9943512293306987,
            0.9982258715921964,
            0.9981960798470952
          ],
          [
            0.9374755047474754,
            0.9368319291411941,
            0.8872882022045766,
            0.8919919644537219,
            0.9197383705560872,
            0.9198527612276483,
            0.8947706119189781,
            0.8932824017451736
          ],
          [
            0.9709583517210616,
            0.967662245151665,
            0.8148397607946132,
            0.8079356909579792,
            0.9290397151815232,
            0.9295154341054414,
            0.8522010160657322,
            0.8516981939746023
          ],
          [
            0.9763301658545953,
            0.9747835006252257,
            0.8339189389078308,
            0.8392885302130519,
            0.9079014802756619,
            0.9075853491791248,
            0.9186461961082847,
            0.9182413017601374
          ],
          [
            0.9970284056493681,
            0.9965460596192509,
            0.7739760316291208,
            0.8249464102435926,
            0.8172795768381337,
            0.8195392541653518,
            0.6339441928124675,
            0.5999726954030303
          ]
        ]
      },
      "training_prototype_float64le_sha256": "30ad79545e9986fd9b6f7c14d0a8623ad30656e668c9be311b55b61ac4ab0ab9"
    },
    "1": {
      "candidate": {
        "bandwidth_index": 1,
        "bandwidth_multiplier": 0.5,
        "candidate_index": 1,
        "family": "positive_kernel_density",
        "family_index": 0,
        "feature_dimension": 8,
        "metric": "mean_absolute_L1",
        "metric_index": 0,
        "representation": "log8",
        "representation_index": 0
      },
      "parameter_float64le_sha256": "ceb64a53dfc78c007f74c93adfba8b8b618e748a66508b2d79ead99dc7326f77",
      "parameters": {
        "bandwidth": 0.049385140436510225,
        "prototypes": [
          [
            0.9927719525523968,
            0.9980171741790499,
            0.9482363927675511,
            0.9496724631366557,
            0.8431369251157577,
            0.847075577222974,
            0.7913212522405976,
            0.7904857757251587
          ],
          [
            0.9417913495818792,
            0.9338161041164298,
            0.8884815081476657,
            0.8860072010695985,
            0.9487769313479893,
            0.9486420243728376,
            0.9566904434113642,
            0.9529291115305775
          ],
          [
            0.9812322549667645,
            0.9865346729831114,
            0.967662245151665,
            0.9659601955475612,
            0.9516633481539908,
            0.9506056470203944,
            0.9216683628756543,
            0.9216683628756543
          ],
          [
            0.9612729480517336,
            0.9488667853033981,
            0.6473486937314105,
            0.6145866192789103,
            0.8471802568871761,
            0.8520001395165088,
            0.9465084756200706,
            0.9441963930798286
          ],
          [
            0.7710554527041874,
            0.7781351584993756,
            0.9127284372655406,
            0.9119372829917961,
            0.8816096614650012,
            0.8825489208262529,
            0.8728933288772068,
            0.8739029184635876
          ],
          [
            0.9943204616819727,
            0.9979276214101116,
            0.9815064274612798,
            0.9838119893459681,
            0.9947504938763824,
            0.9939814968401951,
            0.9982854329442894,
            0.9987608644555749
          ],
          [
            0.7960557581261893,
            0.8130463602103406,
            0.9484168424625771,
            0.947784080019058,
            0.9793302011217379,
            0.9797130268770072,
            0.9838119893459681,
            0.9823592086417432
          ],
          [
            0.8434611264450026,
            0.8241886897517592,
            0.683714262020767,
            0.6202452913207274,
            0.4166666666666667,
            0.38208020839342965,
            0.45495263488644144,
            0.27682734124061353
          ],
          [
            0.9676238286034101,
            0.9808198203024534,
            0.8805045031809243,
            0.8744879541034019,
            0.8246943669924951,
            0.8263232815696478,
            0.8439995267480328,
            0.8438920394035992
          ],
          [
            0.7032326543815217,
            0.7141546340275791,
            0.945357992326318,
            0.9465084756200706,
            0.8457063818481898,
            0.8506861965283158,
            0.8889259618395856,
            0.891341514246322
          ],
          [
            0.682072945242357,
            0.66713537909949,
            0.8967959360370399,
            0.8973486937314106,
            0.919049731422259,
            0.9188193056943356,
            0.946279258035401,
            0.9469199691880429
          ],
          [
            0.762267077078519,
            0.7684655934387338,
            0.9604600674245892,
            0.9624018257048959,
            0.9934247573422327,
            0.9943512293306987,
            0.9982258715921964,
            0.9981960798470952
          ],
          [
            0.9374755047474754,
            0.9368319291411941,
            0.8872882022045766,
            0.8919919644537219,
            0.9197383705560872,
            0.9198527612276483,
            0.8947706119189781,
            0.8932824017451736
          ],
          [
            0.9709583517210616,
            0.967662245151665,
            0.8148397607946132,
            0.8079356909579792,
            0.9290397151815232,
            0.9295154341054414,
            0.8522010160657322,
            0.8516981939746023
          ],
          [
            0.9763301658545953,
            0.9747835006252257,
            0.8339189389078308,
            0.8392885302130519,
            0.9079014802756619,
            0.9075853491791248,
            0.9186461961082847,
            0.9182413017601374
          ],
          [
            0.9970284056493681,
            0.9965460596192509,
            0.7739760316291208,
            0.8249464102435926,
            0.8172795768381337,
            0.8195392541653518,
            0.6339441928124675,
            0.5999726954030303
          ]
        ]
      },
      "training_prototype_float64le_sha256": "30ad79545e9986fd9b6f7c14d0a8623ad30656e668c9be311b55b61ac4ab0ab9"
    },
    "10": {
      "candidate": {
        "bandwidth_index": 0,
        "bandwidth_multiplier": 0.25,
        "candidate_index": 10,
        "family": "positive_kernel_density",
        "family_index": 0,
        "feature_dimension": 8,
        "metric": "maximum_absolute_Linf",
        "metric_index": 2,
        "representation": "log8",
        "representation_index": 0
      },
      "parameter_float64le_sha256": "c894b1807ee0888b2efc703f060f09b9e3f4bd0b8964bd9a7e0d057b9b881ae7",
      "parameters": {
        "bandwidth": 0.055085209717056854,
        "prototypes": [
          [
            0.9927719525523968,
            0.9980171741790499,
            0.9482363927675511,
            0.9496724631366557,
            0.8431369251157577,
            0.847075577222974,
            0.7913212522405976,
            0.7904857757251587
          ],
          [
            0.9417913495818792,
            0.9338161041164298,
            0.8884815081476657,
            0.8860072010695985,
            0.9487769313479893,
            0.9486420243728376,
            0.9566904434113642,
            0.9529291115305775
          ],
          [
            0.9812322549667645,
            0.9865346729831114,
            0.967662245151665,
            0.9659601955475612,
            0.9516633481539908,
            0.9506056470203944,
            0.9216683628756543,
            0.9216683628756543
          ],
          [
            0.9612729480517336,
            0.9488667853033981,
            0.6473486937314105,
            0.6145866192789103,
            0.8471802568871761,
            0.8520001395165088,
            0.9465084756200706,
            0.9441963930798286
          ],
          [
            0.7710554527041874,
            0.7781351584993756,
            0.9127284372655406,
            0.9119372829917961,
            0.8816096614650012,
            0.8825489208262529,
            0.8728933288772068,
            0.8739029184635876
          ],
          [
            0.9943204616819727,
            0.9979276214101116,
            0.9815064274612798,
            0.9838119893459681,
            0.9947504938763824,
            0.9939814968401951,
            0.9982854329442894,
            0.9987608644555749
          ],
          [
            0.7960557581261893,
            0.8130463602103406,
            0.9484168424625771,
            0.947784080019058,
            0.9793302011217379,
            0.9797130268770072,
            0.9838119893459681,
            0.9823592086417432
          ],
          [
            0.8434611264450026,
            0.8241886897517592,
            0.683714262020767,
            0.6202452913207274,
            0.4166666666666667,
            0.38208020839342965,
            0.45495263488644144,
            0.27682734124061353
          ],
          [
            0.9676238286034101,
            0.9808198203024534,
            0.8805045031809243,
            0.8744879541034019,
            0.8246943669924951,
            0.8263232815696478,
            0.8439995267480328,
            0.8438920394035992
          ],
          [
            0.7032326543815217,
            0.7141546340275791,
            0.945357992326318,
            0.9465084756200706,
            0.8457063818481898,
            0.8506861965283158,
            0.8889259618395856,
            0.891341514246322
          ],
          [
            0.682072945242357,
            0.66713537909949,
            0.8967959360370399,
            0.8973486937314106,
            0.919049731422259,
            0.9188193056943356,
            0.946279258035401,
            0.9469199691880429
          ],
          [
            0.762267077078519,
            0.7684655934387338,
            0.9604600674245892,
            0.9624018257048959,
            0.9934247573422327,
            0.9943512293306987,
            0.9982258715921964,
            0.9981960798470952
          ],
          [
            0.9374755047474754,
            0.9368319291411941,
            0.8872882022045766,
            0.8919919644537219,
            0.9197383705560872,
            0.9198527612276483,
            0.8947706119189781,
            0.8932824017451736
          ],
          [
            0.9709583517210616,
            0.967662245151665,
            0.8148397607946132,
            0.8079356909579792,
            0.9290397151815232,
            0.9295154341054414,
            0.8522010160657322,
            0.8516981939746023
          ],
          [
            0.9763301658545953,
            0.9747835006252257,
            0.8339189389078308,
            0.8392885302130519,
            0.9079014802756619,
            0.9075853491791248,
            0.9186461961082847,
            0.9182413017601374
          ],
          [
            0.9970284056493681,
            0.9965460596192509,
            0.7739760316291208,
            0.8249464102435926,
            0.8172795768381337,
            0.8195392541653518,
            0.6339441928124675,
            0.5999726954030303
          ]
        ]
      },
      "training_prototype_float64le_sha256": "30ad79545e9986fd9b6f7c14d0a8623ad30656e668c9be311b55b61ac4ab0ab9"
    },
    "100": {
      "candidate": {
        "candidate_index": 100,
        "family": "robust_location_shape",
        "family_index": 1,
        "feature_dimension": 8,
        "location": "coordinate_median",
        "location_index": 1,
        "representation": "reciprocal_sqrt8",
        "representation_index": 1,
        "scale_family": "diagonal_variance",
        "scale_index": 1,
        "shrinkage": 0.0
      },
      "parameter_float64le_sha256": "c3125f2102a0cfbda725b88ba2a49ec1eafede135f206859c762e63ddc1181b3",
      "parameters": {
        "center": [
          0.019130131585904816,
          0.019823500923889355,
          0.024422983893431813,
          0.024215381237124186,
          0.02239831463269605,
          0.022423878510651973,
          0.023059849447260347,
          0.02315345160255611
        ],
        "precision": [
          3813.1814069151965,
          3934.4056791860216,
          4433.163356111301,
          2694.5709541122396,
          656.8519851477897,
          477.5462242608625,
          835.2684008008657,
          177.9686585715846
        ],
        "precision_kind": "diagonal",
        "variance_floor": 1.3763598597583648e-09
      },
      "training_prototype_float64le_sha256": "28402daf9ee4d5611ba1397647bfbb935fcb56506a6575f0dbde126f0d637fe0"
    },
    "101": {
      "candidate": {
        "candidate_index": 101,
        "family": "robust_location_shape",
        "family_index": 1,
        "feature_dimension": 8,
        "location": "coordinate_median",
        "location_index": 1,
        "representation": "reciprocal_sqrt8",
        "representation_index": 1,
        "scale_family": "diagonal_variance",
        "scale_index": 2,
        "shrinkage": 0.25
      },
      "parameter_float64le_sha256": "a11d8ad5abc0dc85a443341320b530a8c75cd161cfdd2fd700544b8e167df4f5",
      "parameters": {
        "center": [
          0.019130131585904816,
          0.019823500923889355,
          0.024422983893431813,
          0.024215381237124186,
          0.02239831463269605,
          0.022423878510651973,
          0.023059849447260347,
          0.02315345160255611
        ],
        "precision": [
          1793.7520988072836,
          1813.4652431811535,
          1886.8497779281745,
          1564.5977196536003,
          665.5068091400267,
          517.777080562716,
          794.4582104690478,
          218.57781855512175
        ],
        "precision_kind": "diagonal",
        "variance_floor": 1.3763598597583648e-09
      },
      "training_prototype_float64le_sha256": "28402daf9ee4d5611ba1397647bfbb935fcb56506a6575f0dbde126f0d637fe0"
    },
    "102": {
      "candidate": {
        "candidate_index": 102,
        "family": "robust_location_shape",
        "family_index": 1,
        "feature_dimension": 8,
        "location": "coordinate_median",
        "location_index": 1,
        "representation": "reciprocal_sqrt8",
        "representation_index": 1,
        "scale_family": "diagonal_variance",
        "scale_index": 3,
        "shrinkage": 0.5
      },
      "parameter_float64le_sha256": "cb7b9931208fcbf7fb82f0977847be1f5d811496d66f24ef43500534893b3e05",
      "parameters": {
        "center": [
          0.019130131585904816,
          0.019823500923889355,
          0.024422983893431813,
          0.024215381237124186,
          0.02239831463269605,
          0.022423878510651973,
          0.023059849447260347,
          0.02315345160255611
        ],
        "precision": [
          1172.699925638693,
          1178.282432754625,
          1198.4728043009914,
          1102.3325558239144,
          674.3927541023187,
          565.4100174561307,
          757.4501256829572,
          283.1984796218758
        ],
        "precision_kind": "diagonal",
        "variance_floor": 1.3763598597583648e-09
      },
      "training_prototype_float64le_sha256": "28402daf9ee4d5611ba1397647bfbb935fcb56506a6575f0dbde126f0d637fe0"
    },
    "103": {
      "candidate": {
        "candidate_index": 103,
        "family": "robust_location_shape",
        "family_index": 1,
        "feature_dimension": 8,
        "location": "coordinate_median",
        "location_index": 1,
        "representation": "reciprocal_sqrt8",
        "representation_index": 1,
        "scale_family": "diagonal_variance",
        "scale_index": 4,
        "shrinkage": 0.75
      },
      "parameter_float64le_sha256": "9a453f31cac495e58c2b5f8b21027274ffb9d7a7abe02a1cb1fa56f97b6c8b10",
      "parameters": {
        "center": [
          0.019130131585904816,
          0.019823500923889355,
          0.024422983893431813,
          0.024215381237124186,
          0.02239831463269605,
          0.022423878510651973,
          0.023059849447260347,
          0.02315345160255611
        ],
        "precision": [
          871.0987376067416,
          872.6342829477926,
          878.1122451770523,
          850.9243605951324,
          683.5192032038502,
          622.6948736923414,
          723.7364578740793,
          402.06578832525946
        ],
        "precision_kind": "diagonal",
        "variance_floor": 1.3763598597583648e-09
      },
      "training_prototype_float64le_sha256": "28402daf9ee4d5611ba1397647bfbb935fcb56506a6575f0dbde126f0d637fe0"
    },
    "104": {
      "candidate": {
        "candidate_index": 104,
        "family": "robust_location_shape",
        "family_index": 1,
        "feature_dimension": 8,
        "location": "coordinate_median",
        "location_index": 1,
        "representation": "reciprocal_sqrt8",
        "representation_index": 1,
        "scale_family": "full_covariance_isotropic",
        "scale_index": 5,
        "shrinkage": 0.25
      },
      "parameter_float64le_sha256": "d1d360139da2e3b961035ea961d5b0441723588fdc2d6175f8e4b33ede63cb8d",
      "parameters": {
        "center": [
          0.019130131585904816,
          0.019823500923889355,
          0.024422983893431813,
          0.024215381237124186,
          0.02239831463269605,
          0.022423878510651973,
          0.023059849447260347,
          0.02315345160255611
        ],
        "precision": [
          [
            2050.673961598339,
            -699.5361832486288,
            55.977923144810795,
            41.2661068434427,
            -51.867159713410466,
            -55.14953512253931,
            35.64745385772833,
            -5.597135283085141
          ],
          [
            -699.5361832486288,
            2078.313450877041,
            44.475408086501474,
            27.570370665198976,
            -57.22839477509401,
            -64.56394840971865,
            43.1329228988512,
            -11.946745029461052
          ],
          [
            55.977923144810795,
            44.475408086501474,
            2280.2685563556083,
            -557.7190176409172,
            -62.07519289002066,
            -51.1555804380698,
            -79.39308663913187,
            -75.31525227127878
          ],
          [
            41.2661068434427,
            27.570370665198976,
            -557.7190176409172,
            2088.517146610653,
            -152.82298796333762,
            -162.17726929530588,
            -15.969808279018626,
            -103.85058433756994
          ],
          [
            -51.867159713410466,
            -57.22839477509401,
            -62.07519289002066,
            -152.82298796333762,
            2303.9582779264597,
            -550.1622204154096,
            -208.15626761639137,
            -663.8911591224818
          ],
          [
            -55.14953512253931,
            -64.56394840971865,
            -51.1555804380698,
            -162.17726929530588,
            -550.1622204154096,
            2116.508033671851,
            -219.8691082402578,
            -787.6620226161094
          ],
          [
            35.64745385772833,
            43.1329228988512,
            -79.39308663913187,
            -15.969808279018626,
            -208.15626761639137,
            -219.8691082402578,
            2240.643602186112,
            -706.973082046361
          ],
          [
            -5.597135283085141,
            -11.946745029461052,
            -75.31525227127878,
            -103.85058433756994,
            -663.8911591224818,
            -787.6620226161094,
            -706.973082046361,
            1291.1052036181354
          ]
        ],
        "precision_kind": "full",
        "variance_floor": 1.3763598597583648e-09
      },
      "training_prototype_float64le_sha256": "28402daf9ee4d5611ba1397647bfbb935fcb56506a6575f0dbde126f0d637fe0"
    },
    "105": {
      "candidate": {
        "candidate_index": 105,
        "family": "robust_location_shape",
        "family_index": 1,
        "feature_dimension": 8,
        "location": "coordinate_median",
        "location_index": 1,
        "representation": "reciprocal_sqrt8",
        "representation_index": 1,
        "scale_family": "full_covariance_isotropic",
        "scale_index": 6,
        "shrinkage": 0.5
      },
      "parameter_float64le_sha256": "d4458b26d911e6bd32540d78b97c8b721c5bcd1e364952ad7f34323e522aeba8",
      "parameters": {
        "center": [
          0.019130131585904816,
          0.019823500923889355,
          0.024422983893431813,
          0.024215381237124186,
          0.02239831463269605,
          0.022423878510651973,
          0.023059849447260347,
          0.02315345160255611
        ],
        "precision": [
          [
            1203.0715312089624,
            -177.96496914274863,
            16.71114859768769,
            12.36896013700796,
            -19.03578165452147,
            -21.27801070158343,
            6.63570313191425,
            -10.904498730252163
          ],
          [
            -177.96496914274863,
            1210.00198598104,
            13.756495086862865,
            8.766482484380173,
            -21.12896917955867,
            -24.24857321544129,
            6.9996217811185835,
            -14.048375990399265
          ],
          [
            16.71114859768769,
            13.756495086862865,
            1268.7979023902546,
            -135.60458143895866,
            -36.79739365815771,
            -38.445474075454726,
            -34.298368528935725,
            -57.447609675940164
          ],
          [
            12.36896013700796,
            8.766482484380173,
            -135.60458143895866,
            1218.733540734852,
            -65.00494377275253,
            -72.22255099527423,
            -31.219988673294306,
            -82.73039847290718
          ],
          [
            -19.03578165452147,
            -21.12896917955867,
            -36.79739365815771,
            -65.00494377275253,
            1195.5816466382337,
            -223.4346595418672,
            -127.69883523457911,
            -322.17837220031873
          ],
          [
            -21.27801070158343,
            -24.24857321544129,
            -38.445474075454726,
            -72.22255099527423,
            -223.4346595418672,
            1121.9522559849438,
            -145.45346047024327,
            -379.378463165803
          ],
          [
            6.63570313191425,
            6.9996217811185835,
            -34.298368528935725,
            -31.219988673294306,
            -127.69883523457911,
            -145.45346047024327,
            1207.3662178176614,
            -306.7178157581181
          ],
          [
            -10.904498730252163,
            -14.048375990399265,
            -57.447609675940164,
            -82.73039847290718,
            -322.17837220031873,
            -379.378463165803,
            -306.7178157581181,
            725.1317887968896
          ]
        ],
        "precision_kind": "full",
        "variance_floor": 1.3763598597583648e-09
      },
      "training_prototype_float64le_sha256": "28402daf9ee4d5611ba1397647bfbb935fcb56506a6575f0dbde126f0d637fe0"
    },
    "106": {
      "candidate": {
        "candidate_index": 106,
        "family": "robust_location_shape",
        "family_index": 1,
        "feature_dimension": 8,
        "location": "coordinate_median",
        "location_index": 1,
        "representation": "reciprocal_sqrt8",
        "representation_index": 1,
        "scale_family": "full_covariance_isotropic",
        "scale_index": 7,
        "shrinkage": 0.75
      },
      "parameter_float64le_sha256": "699ae3e35ebb872eb327ec073e82a3c6f691af4dea163dcd2a5713f29e29575b",
      "parameters": {
        "center": [
          0.019130131585904816,
          0.019823500923889355,
          0.024422983893431813,
          0.024215381237124186,
          0.02239831463269605,
          0.022423878510651973,
          0.023059849447260347,
          0.02315345160255611
        ],
        "precision": [
          [
            874.5378452797997,
            -48.12666976565664,
            4.297259967302479,
            2.832455305794141,
            -8.090953308695426,
            -9.248933053833285,
            -0.5366026749032978,
            -8.49774380952054
          ],
          [
            -48.12666976565664,
            876.345955021029,
            3.404621692089443,
            1.7179982498525785,
            -9.131325753146937,
            -10.582048404155595,
            -0.9502820604870132,
            -10.290316727120503
          ],
          [
            4.297259967302479,
            3.404621692089443,
            891.2750489559353,
            -38.69048732546698,
            -21.408985424072686,
            -23.9288348236171,
            -18.925579779473804,
            -37.58418637895447
          ],
          [
            2.832455305794141,
            1.7179982498525785,
            -38.69048732546698,
            875.406416044098,
            -33.621865531975,
            -38.3909883505441,
            -23.046233088011892,
            -54.20042270813565
          ],
          [
            -8.090953308695426,
            -9.131325753146937,
            -21.408985424072686,
            -33.621865531975,
            826.8231397826539,
            -113.85358031930139,
            -75.69385542643874,
            -176.8131123725575
          ],
          [
            -9.248933053833285,
            -10.582048404155595,
            -23.9288348236171,
            -38.3909883505441,
            -113.85358031930139,
            789.9649216644425,
            -87.7646931472985,
            -207.64361708292978
          ],
          [
            -0.5366026749032978,
            -0.9502820604870132,
            -18.925579779473804,
            -23.046233088011892,
            -75.69385542643874,
            -87.7646931472985,
            842.0777117656716,
            -160.40792541314102
          ],
          [
            -8.49774380952054,
            -10.290316727120503,
            -37.58418637895447,
            -54.20042270813565,
            -176.8131123725575,
            -207.64361708292978,
            -160.40792541314102,
            573.3742810903332
          ]
        ],
        "precision_kind": "full",
        "variance_floor": 1.3763598597583648e-09
      },
      "training_prototype_float64le_sha256": "28402daf9ee4d5611ba1397647bfbb935fcb56506a6575f0dbde126f0d637fe0"
    },
    "107": {
      "candidate": {
        "candidate_index": 107,
        "family": "robust_location_shape",
        "family_index": 1,
        "feature_dimension": 16,
        "location": "coordinate_mean",
        "location_index": 0,
        "representation": "log_reciprocal16",
        "representation_index": 2,
        "scale_family": "identity",
        "scale_index": 0,
        "shrinkage": null
      },
      "parameter_float64le_sha256": "d11fc832a23ff9c51c16b9195b318fd01d729a364e90e2cc39e159141121eb34",
      "parameters": {
        "center": [
          0.8924343898367771,
          0.8929332329911979,
          0.8732022650945919,
          0.87030716673365,
          0.8762468040682053,
          0.8752074908043854,
          0.8689452847076421,
          0.8552921357237964,
          0.027333010694838282,
          0.027290243059497298,
          0.0290220574069008,
          0.030286477261977075,
          0.03327654693857849,
          0.034844791592616005,
          0.033962092744796175,
          0.04501675232626526
        ],
        "precision": [
          1.0,
          1.0,
          1.0,
          1.0,
          1.0,
          1.0,
          1.0,
          1.0,
          1.0,
          1.0,
          1.0,
          1.0,
          1.0,
          1.0,
          1.0,
          1.0
        ],
        "precision_kind": "identity",
        "variance_floor": 8.479432666303626e-09
      },
      "training_prototype_float64le_sha256": "ca70d1b9face05b23a43866e0b7583fd8c2b20ea58cab9201610e9330bb14d37"
    },
    "108": {
      "candidate": {
        "candidate_index": 108,
        "family": "robust_location_shape",
        "family_index": 1,
        "feature_dimension": 16,
        "location": "coordinate_mean",
        "location_index": 0,
        "representation": "log_reciprocal16",
        "representation_index": 2,
        "scale_family": "diagonal_variance",
        "scale_index": 1,
        "shrinkage": 0.0
      },
      "parameter_float64le_sha256": "0ebb1d0adf7585b8cfd653538c3339587bd176b6138399a7cf72d2566287281b",
      "parameters": {
        "center": [
          0.8924343898367771,
          0.8929332329911979,
          0.8732022650945919,
          0.87030716673365,
          0.8762468040682053,
          0.8752074908043854,
          0.8689452847076421,
          0.8552921357237964,
          0.027333010694838282,
          0.027290243059497298,
          0.0290220574069008,
          0.030286477261977075,
          0.03327654693857849,
          0.034844791592616005,
          0.033962092744796175,
          0.04501675232626526
        ],
        "precision": [
          83.88042497223199,
          83.75942073726226,
          107.32843762098852,
          85.7197162287035,
          57.738330771175136,
          51.80632548387045,
          52.25210601886545,
          32.09028160954174,
          5129.231375559719,
          5039.922330564018,
          4891.863373829944,
          2991.6975397701863,
          712.2116217885706,
          515.5279484616754,
          927.3331974918756,
          194.51608687309684
        ],
        "precision_kind": "diagonal",
        "variance_floor": 8.479432666303626e-09
      },
      "training_prototype_float64le_sha256": "ca70d1b9face05b23a43866e0b7583fd8c2b20ea58cab9201610e9330bb14d37"
    },
    "109": {
      "candidate": {
        "candidate_index": 109,
        "family": "robust_location_shape",
        "family_index": 1,
        "feature_dimension": 16,
        "location": "coordinate_mean",
        "location_index": 0,
        "representation": "log_reciprocal16",
        "representation_index": 2,
        "scale_family": "diagonal_variance",
        "scale_index": 2,
        "shrinkage": 0.25
      },
      "parameter_float64le_sha256": "d2530a48e91eb5e59e0d3430cb39c369b2c4269c9400a7963013967531fb4642",
      "parameters": {
        "center": [
          0.8924343898367771,
          0.8929332329911979,
          0.8732022650945919,
          0.87030716673365,
          0.8762468040682053,
          0.8752074908043854,
          0.8689452847076421,
          0.8552921357237964,
          0.027333010694838282,
          0.027290243059497298,
          0.0290220574069008,
          0.030286477261977075,
          0.03327654693857849,
          0.034844791592616005,
          0.033962092744796175,
          0.04501675232626526
        ],
        "precision": [
          89.57257144824374,
          89.46905355337344,
          108.56904214156441,
          91.13877664194524,
          65.73554403011565,
          59.880852537261504,
          60.32701764782684,
          39.07105564151368,
          422.10956987019307,
          421.64840498072164,
          420.8491695615499,
          404.2811451119486,
          305.26053726895674,
          271.91264622894573,
          329.85847399153533,
          164.51279318761203
        ],
        "precision_kind": "diagonal",
        "variance_floor": 8.479432666303626e-09
      },
      "training_prototype_float64le_sha256": "ca70d1b9face05b23a43866e0b7583fd8c2b20ea58cab9201610e9330bb14d37"
    },
    "11": {
      "candidate": {
        "bandwidth_index": 1,
        "bandwidth_multiplier": 0.5,
        "candidate_index": 11,
        "family": "positive_kernel_density",
        "family_index": 0,
        "feature_dimension": 8,
        "metric": "maximum_absolute_Linf",
        "metric_index": 2,
        "representation": "log8",
        "representation_index": 0
      },
      "parameter_float64le_sha256": "74b124e03161d65ae8c6ae142a82fdcb09a34c4f8896ddf5292b0df8b3618cb1",
      "parameters": {
        "bandwidth": 0.11017041943411371,
        "prototypes": [
          [
            0.9927719525523968,
            0.9980171741790499,
            0.9482363927675511,
            0.9496724631366557,
            0.8431369251157577,
            0.847075577222974,
            0.7913212522405976,
            0.7904857757251587
          ],
          [
            0.9417913495818792,
            0.9338161041164298,
            0.8884815081476657,
            0.8860072010695985,
            0.9487769313479893,
            0.9486420243728376,
            0.9566904434113642,
            0.9529291115305775
          ],
          [
            0.9812322549667645,
            0.9865346729831114,
            0.967662245151665,
            0.9659601955475612,
            0.9516633481539908,
            0.9506056470203944,
            0.9216683628756543,
            0.9216683628756543
          ],
          [
            0.9612729480517336,
            0.9488667853033981,
            0.6473486937314105,
            0.6145866192789103,
            0.8471802568871761,
            0.8520001395165088,
            0.9465084756200706,
            0.9441963930798286
          ],
          [
            0.7710554527041874,
            0.7781351584993756,
            0.9127284372655406,
            0.9119372829917961,
            0.8816096614650012,
            0.8825489208262529,
            0.8728933288772068,
            0.8739029184635876
          ],
          [
            0.9943204616819727,
            0.9979276214101116,
            0.9815064274612798,
            0.9838119893459681,
            0.9947504938763824,
            0.9939814968401951,
            0.9982854329442894,
            0.9987608644555749
          ],
          [
            0.7960557581261893,
            0.8130463602103406,
            0.9484168424625771,
            0.947784080019058,
            0.9793302011217379,
            0.9797130268770072,
            0.9838119893459681,
            0.9823592086417432
          ],
          [
            0.8434611264450026,
            0.8241886897517592,
            0.683714262020767,
            0.6202452913207274,
            0.4166666666666667,
            0.38208020839342965,
            0.45495263488644144,
            0.27682734124061353
          ],
          [
            0.9676238286034101,
            0.9808198203024534,
            0.8805045031809243,
            0.8744879541034019,
            0.8246943669924951,
            0.8263232815696478,
            0.8439995267480328,
            0.8438920394035992
          ],
          [
            0.7032326543815217,
            0.7141546340275791,
            0.945357992326318,
            0.9465084756200706,
            0.8457063818481898,
            0.8506861965283158,
            0.8889259618395856,
            0.891341514246322
          ],
          [
            0.682072945242357,
            0.66713537909949,
            0.8967959360370399,
            0.8973486937314106,
            0.919049731422259,
            0.9188193056943356,
            0.946279258035401,
            0.9469199691880429
          ],
          [
            0.762267077078519,
            0.7684655934387338,
            0.9604600674245892,
            0.9624018257048959,
            0.9934247573422327,
            0.9943512293306987,
            0.9982258715921964,
            0.9981960798470952
          ],
