{
  "A412_holdout_labels_used": 0,
  "A412_measurement_fields_used": 0,
  "A412_reader_scores_used": 0,
  "A413_frozen_models": {
    "100": {
      "candidate": {
        "candidate_index": 100,
        "family": "robust_location_shape",
        "family_index": 1,
        "feature_dimension": 8,
        "location": "coordinate_median",
        "location_index": 1,
        "representation": "reciprocal_sqrt8",
        "representation_index": 1,
        "scale_family": "diagonal_variance",
        "scale_index": 1,
        "shrinkage": 0.0
      },
      "parameter_float64le_sha256": "c3125f2102a0cfbda725b88ba2a49ec1eafede135f206859c762e63ddc1181b3",
      "parameters": {
        "center": [
          0.019130131585904816,
          0.019823500923889355,
          0.024422983893431813,
          0.024215381237124186,
          0.02239831463269605,
          0.022423878510651973,
          0.023059849447260347,
          0.02315345160255611
        ],
        "precision": [
          3813.1814069151965,
          3934.4056791860216,
          4433.163356111301,
          2694.5709541122396,
          656.8519851477897,
          477.5462242608625,
          835.2684008008657,
          177.9686585715846
        ],
        "precision_kind": "diagonal",
        "variance_floor": 1.3763598597583648e-09
      },
      "training_prototype_float64le_sha256": "28402daf9ee4d5611ba1397647bfbb935fcb56506a6575f0dbde126f0d637fe0"
    },
    "123": {
      "candidate": {
        "candidate_index": 123,
        "family": "robust_location_shape",
        "family_index": 1,
        "feature_dimension": 36,
        "location": "coordinate_mean",
        "location_index": 0,
        "representation": "log_absdiff36",
        "representation_index": 3,
        "scale_family": "identity",
        "scale_index": 0,
        "shrinkage": null
      },
      "parameter_float64le_sha256": "3d2dcbc8cfc97a6d8db0943d351dcb62371c67714cb9f2bcc8359c6f53eb1703",
      "parameters": {
        "center": [
          0.8924343898367771,
          0.8929332329911979,
          0.8732022650945919,
          0.87030716673365,
          0.8762468040682053,
          0.8752074908043854,
          0.8689452847076421,
          0.8552921357237964,
          0.008068856215053363,
          0.1378665482400966,
          0.14103928191993423,
          0.1301691432219676,
          0.1320125823467412,
          0.14777867853530838,
          0.1613440000600204,
          0.13508373667667437,
          0.138256470356512,
          0.12832948331742539,
          0.13022667646650013,
          0.14554187768904997,
          0.15910719921376204,
          0.011448893822324488,
          0.07488534928244656,
          0.07686572585376232,
          0.08380234512078767,
          0.09635102275219462,
          0.0700647805700016,
          0.07176269747541511,
          0.08439471955946934,
          0.0969433971908763,
          0.003597514266509068,
          0.039657084704418796,
          0.04795740347425855,
          0.04153014762543496,
          0.04550715911112009,
          0.01422080956597616
        ],
        "precision": [
          1.0,
          1.0,
          1.0,
          1.0,
          1.0,
          1.0,
          1.0,
          1.0,
          1.0,
          1.0,
          1.0,
          1.0,
          1.0,
          1.0,
          1.0,
          1.0,
          1.0,
          1.0,
          1.0,
          1.0,
          1.0,
          1.0,
          1.0,
          1.0,
          1.0,
          1.0,
          1.0,
          1.0,
          1.0,
          1.0,
          1.0,
          1.0,
          1.0,
          1.0,
          1.0,
          1.0
        ],
        "precision_kind": "identity",
        "variance_floor": 9.181756776606041e-09
      },
      "training_prototype_float64le_sha256": "be29bbeb11b984e313d2b9e7ab938f002f9827dfceb815a0ccd149c03293464f"
    },
    "153": {
      "candidate": {
        "candidate_index": 153,
        "family": "robust_location_shape",
        "family_index": 1,
        "feature_dimension": 44,
        "location": "coordinate_median",
        "location_index": 1,
        "representation": "log_reciprocal_absdiff44",
        "representation_index": 4,
        "scale_family": "full_covariance_isotropic",
        "scale_index": 6,
        "shrinkage": 0.5
      },
      "parameter_float64le_sha256": "d82f56c9b8f7b948539081579e9488e9aa9182f6cd83855c8a362db1817fb644",
      "parameters": {
        "center": [
          0.9515321488168064,
          0.942849357222296,
          0.8926387220923528,
          0.8946703290925662,
          0.9134756058489604,
          0.9132023274367302,
          0.9067084040136314,
          0.9057618517526556,
          0.019130131585904816,
          0.019823500923889355,
          0.024422983893431813,
          0.024215381237124186,
          0.02239831463269605,
          0.022423878510651973,
          0.023059849447260347,
          0.02315345160255611,
          0.006639111077701487,
          0.14738615564157614,
          0.14630507609023868,
          0.12828320931561277,
          0.1263970075779139,
          0.12119081875535337,
          0.12149597347313507,
          0.13792245499161432,
          0.13511634511044557,
          0.11751312539311815,
          0.120472662413807,
          0.1261407613201767,
          0.1264459160379584,
          0.0023899344813777534,
          0.04955684069872107,
          0.04987222207375375,
          0.04773860213718589,
          0.04805895771350682,
          0.0406698541067933,
          0.04005703807977845,
          0.046611198487948646,
          0.046931554064269576,
          0.0009328656748588959,
          0.026098642625125568,
          0.027163103288348756,
          0.026271050824867803,
          0.02733551148809099,
          0.0009225330509098351
        ],
        "precision": [
          [
            146.5023000395222,
            -74.01752823720507,
            10.574112787770012,
            8.068804367637219,
            -2.2636519399280313,
            -1.8999791863380675,
            8.8322155013591,
            7.97273925121731,
            10.473713191796584,
            9.891031623848304,
            -0.5917074834353295,
            -0.12345579570806607,
            1.530022592278138,
            1.725242089389392,
            -0.056565880502408246,
            1.4233232691930895,
            1.5526003344332517,
            2.9909116541190923,
            5.211042245400225,
            0.22253952037077976,
            2.212561839560611,
            8.609792899125777,
            10.102516988306087,
            5.695411354997624,
            8.845104368931889,
            4.272933722862955,
            3.6668626535408317,
            4.077494815357354,
            5.570218904537533,
            0.0973801023574492,
            1.3334141569332103,
            1.0679628678981872,
            -0.7919098783673881,
            -0.19369389439349158,
            5.885697450072077,
            6.171051369592762,
            -1.3912647091393286,
            -0.7930487251654101,
            0.5378664971277735,
            -4.20578509853291,
            -4.159758717729029,
            -4.500291356334347,
            -5.149622991808899,
            1.6437679623655364
          ],
          [
            -74.01752823720507,
            155.52034909185818,
            7.482450347959655,
            4.564508629633164,
            -2.5713583226881562,
            -2.73801465520481,
            9.783209567626507,
            8.035040955355598,
            9.698559066112367,
            9.504623961357344,
            -0.42570298205778856,
            0.14992138285326068,
            2.0820453573742776,
            2.4905471458945176,
            0.00090672468183278,
            2.436655222827703,
            1.3762540663906773,
            5.441409208551217,
            8.197228939653806,
            2.3632085632920474,
            4.301496809510719,
            6.824884732288718,
            9.03992049732123,
            7.225029164910167,
            10.649974787915623,
            5.448603535556509,
            5.514841710144084,
            3.7566425563692953,
            5.971678321402001,
            -0.35740726748184076,
            1.0315062740198042,
            1.1489468742927598,
            -1.910519950222205,
            -0.4240007577821698,
            4.3853222558981635,
            4.966884557449928,
            -3.561154746290998,
            -2.074635553851024,
            0.6051360983143288,
            -5.542088727501809,
            -5.085697768240541,
            -5.468287409783248,
            -6.154579409052254,
            2.434387014498794
          ],
          [
            10.574112787770012,
            7.482450347959655,
            188.89493275243564,
            -38.69223896060338,
            -6.080708727199321,
            -6.821902924141098,
            -6.9102753816953735,
            -10.232559131764267,
            -1.5575274868752431,
            -1.0889597674753446,
            4.730804832997991,
            5.157206907570125,
            1.6680383610920548,
            2.0178895122205183,
            1.9657385516044685,
            4.147893157724284,
            -0.058921964188335396,
            13.830473557655486,
            14.541956049021943,
            -2.4082342977101527,
            -2.4241050286487775,
            -6.172535812879026,
            -3.3760431655583902,
            13.874385436681253,
            14.620552972447115,
            -1.8982302543815273,
            -2.040973956085573,
            -5.7611062313701105,
            -2.9646135840494834,
            3.93111601223229,
            5.429094257048736,
            6.7114865719033245,
            6.968902412029633,
            9.747896610094452,
            5.060794636957577,
            6.234552654783527,
            8.884059197424278,
            11.663053395489047,
            -0.08012064066383445,
            6.220076506136189,
            7.919288928130211,
            6.584939578367842,
            7.513004785803197,
            2.961318116732975
          ],
          [
            8.068804367637219,
            4.564508629633164,
            -38.69223896060338,
            183.3172423269316,
            -10.282333770846035,
            -11.79545883954431,
            -4.199372330096342,
            -9.75579106583159,
            -1.377294838333674,
            -0.8396821717035312,
            5.146746713858091,
            6.325762872697571,
            4.105050453213909,
            5.000272144828983,
            2.5326380990827673,
            7.533682581257061,
            0.5475052548066051,
            10.774770864732906,
            15.171572048180547,
            0.4237223789567033,
            1.0932068233757364,
            -10.677858378423172,
            -5.684664046232321,
            10.544674838349845,
            14.980048077943515,
            0.6221758804220376,
            1.1584690140416118,
            -10.64739079323198,
            -5.654196461041504,
            3.6200961447486253,
            10.46458729497141,
            12.467244671689823,
            8.014706931277264,
            13.005275148392133,
            10.649194426276223,
            12.713560989066321,
            7.24097277734367,
            12.231540994458786,
            0.5207413836862129,
            1.9130747792739695,
            4.292753544490445,
            2.8261788430516437,
            3.0884590959439753,
            5.153936276291899
          ],
          [
            -2.2636519399280313,
            -2.5713583226881562,
            -6.080708727199321,
            -10.282333770846035,
            189.6507700155217,
            -38.30509702797101,
            -24.462181413312496,
            -30.808109488864343,
            0.2847089802250457,
            0.31504889919663287,
            0.8171563485304176,
            1.7581942072284213,
            8.077974151457953,
            9.23280783215355,
            5.110343931314114,
            11.87623966430855,
            0.864513622291719,
            -4.453111051810789,
            -0.3358602613702794,
            6.884742885097734,
            8.572626338660646,
            -3.7841251689866184,
            3.030564018232221,
            -4.382568651943754,
            -0.3175080347285481,
            6.766680936230869,
            8.594002757090905,
            -3.373627425822478,
            3.441061761396205,
            0.9586373438088195,
            10.81151447343435,
            11.75507583489472,
            3.8952500222275703,
            10.42932470962146,
            8.206305124872468,
            9.271044319930107,
            -1.3355565497199622,
            5.198518137673706,
            1.6830869111306739,
            -4.692777507846961,
            -1.2003802650946347,
            -3.541296257456819,
            -3.03594745039533,
            6.626446033633461
          ],
          [
            -1.8999791863380675,
            -2.73801465520481,
            -6.821902924141098,
            -11.79545883954431,
            -38.30509702797101,
            186.5494303891752,
            -24.68552515105389,
            -32.60795892831729,
            0.1626226252090479,
            0.25529179928459245,
            0.9362596221927411,
            2.0589252703468315,
            9.229481160359521,
            10.67178484286267,
            5.7961716199122995,
            14.135928423867384,
            0.9210108380607376,
            -5.602218667009412,
            -0.7079750594319064,
            7.966683752140687,
            10.019991202724468,
            -4.480149192437825,
            3.850484154613735,
            -5.906462688307572,
            -1.0928687623240203,
            7.479067551265357,
            9.756140125859591,
            -4.212230898416295,
            4.118402448635292,
            1.1503479659904963,
            11.324313851495923,
            12.679241425878862,
            3.0635464757258153,
            11.168114590342038,
            8.078669790520344,
            9.56756742120914,
            -3.2182818007232297,
            4.886286313893142,
            1.926302090425556,
            -6.21081708426897,
            -1.9262219282599369,
            -4.707373892641894,
            -4.095225393380794,
            8.168973285816884
          ],
          [
            8.8322155013591,
            9.783209567626507,
            -6.9102753816953735,
            -4.199372330096342,
            -24.462181413312496,
            -24.68552515105389,
            184.7650392185754,
            -45.565140590311174,
            -1.116416879653541,
            -1.2652324367547574,
            0.24101587041283146,
            -0.280928411350213,
            3.651060644059649,
            3.963677967341288,
            6.117940649041645,
            8.699951929660202,
            -1.0066270460741005,
            -5.354071842128029,
            -8.326374866552333,
            -3.156496335412241,
            -2.614191994505308,
            12.260089337953763,
            16.326493006056243,
            -4.830507822776641,
            -7.7481136600234395,
            -2.77124332876319,
            -2.4122789284787634,
            12.366256400503802,
            16.432660068605863,
            2.2449664166574803,
            2.9840899262690495,
            3.025733236253449,
            -0.8618577613200101,
            3.0613637613373985,
            -0.5211336959642496,
            -0.676520754058476,
            -0.2733028952697642,
            3.649918627387435,
            0.5174339760518512,
            9.127022474976282,
            12.274118115525365,
            9.922989628037499,
            12.210532281422266,
            3.8344320090073127
          ],
          [
            7.97273925121731,
            8.035040955355598,
            -10.232559131764267,
            -9.75579106583159,
            -30.808109488864343,
            -32.60795892831729,
            -45.565140590311174,
            171.10566513901148,
            -1.2746952699243077,
            -1.3378407523773832,
            0.9128190244249904,
            0.987793934156101,
            8.089454546875894,
            9.430400208828367,
            9.309234800940734,
            17.809109176851504,
            -0.8151791163781055,
            -9.598350468684577,
            -10.344395097364892,
            -0.3545322419633556,
            1.637728537849023,
            11.67231535363522,
            21.815247286769765,
            -10.304414070420368,
            -10.985728906442562,
            -0.9573474350928971,
            0.8474544008352499,
            10.521205413936771,
            20.664137347071634,
            3.9030432191297453,
            5.678735699728685,
            7.179429852236616,
            -1.4562760121161267,
            8.639147592074824,
            -0.08497881950314556,
            1.2521307808092779,
            -3.7088322153819777,
            6.3865913888089585,
            1.4989273706132393,
            5.779285859203934,
            12.286184661174445,
            7.7903311659055055,
            10.936931112916916,
            10.058411910206647
          ],
          [
            10.473713191796584,
            9.698559066112367,
            -1.5575274868752431,
            -1.377294838333674,
            0.2847089802250457,
            0.1626226252090479,
            -1.116416879653541,
            -1.2746952699243077,
            225.181758989458,
            -1.4093107554402404,
            0.10130055647029283,
            0.07453041927529416,
            -0.034545652722704365,
            -0.0134946644624294,
            0.10512583608191728,
            0.16475838762108685,
            -0.18646977064536918,
            -0.27414220715228466,
            -0.42347097563061503,
            0.4853357074409084,
            0.2744657547548456,
            -1.3801084838640265,
            -1.351844216167799,
            -0.9876475077492349,
            -1.2725688520840963,
            -0.39142389884600776,
            -0.22622491804895684,
            -0.9856106772545327,
            -0.9573464095581163,
            0.013893535565783321,
            -0.09176472651496893,
            0.02871216289827814,
            -0.16310394774002954,
            -0.011911297006686123,
            -0.8066361934612296,
            -0.7603691112808805,
            -0.244080972938385,
            -0.09288832220472984,
            -0.037391145252606964,
            0.0812444397490206,
            0.1787675208766306,
            0.1772299146227203,
            0.2553372513849248,
            0.03682111000108639
          ],
          [
            9.891031623848304,
            9.504623961357344,
            -1.0889597674753446,
            -0.8396821717035312,
            0.31504889919663287,
            0.25529179928459245,
            -1.2652324367547574,
            -1.3378407523773832,
            -1.4093107554402404,
            225.23100681210585,
            0.0660925706055091,
            0.02369659664133412,
            -0.09184858466771012,
            -0.09390609420553878,
            0.10647554884996553,
            0.0677240174140973,
            -0.1773028943317001,
            -0.31489586321783397,
            -0.5430410122855394,
            0.26873050775576734,
            0.06969981793810938,
            -1.2249369670768897,
            -1.2663583595276273,
            -1.0633367646034153,
            -1.4049606359966775,
            -0.6423249383649845,
            -0.5271751795757555,
            -1.067962795814939,
            -1.1093841882656115,
            0.06115445025522797,
            0.023775630779970316,
            0.10100116755631157,
            -0.09189780213635335,
            -0.0334621457806315,
            -0.5948948212528576,
            -0.5864835230490469,
            -0.051519144674378604,
            0.006916511681241028,
            -0.03809754896119562,
            0.2137526878970876,
            0.27711768796369496,
            0.2640112563186892,
            0.35499163708867665,
            -0.03533701447224047
          ],
          [
            -0.5917074834353295,
            -0.42570298205778856,
            4.730804832997991,
            5.146746713858091,
            0.8171563485304176,
            0.9362596221927411,
            0.24101587041283146,
            0.9128190244249904,
            0.10130055647029283,
            0.0660925706055091,
            225.91939035613981,
            -0.8611933219235408,
            -0.39831059555439197,
            -0.48050068705497617,
            -0.3296746542698624,
            -0.8530997812711286,
            -0.052809556384179765,
            -1.4656273490837086,
            -1.846510296914462,
            0.26479063980499756,
            0.19544416727749764,
            1.1291537971088745,
            0.4949748094340115,
            -1.538427923326958,
            -1.9538824205246201,
            0.15575740434882604,
            0.18169913157328588,
            1.3486572425066863,
            0.7144782548321347,
            -0.7233864235488648,
            -1.1222873311322619,
            -1.3604148011724841,
            -1.9900505371927502,
            -2.5973685432445817,
            -1.2786463028051156,
            -1.5196969377565628,
            -2.2913639190859976,
            -2.8986819251378133,
            -0.06502085433635295,
            -0.9295752597153124,
            -1.2741477804789776,
            -0.9889537256524097,
            -1.1315210164316554,
            -0.6333343836876026
          ],
          [
            -0.12345579570806607,
            0.14992138285326068,
            5.157206907570125,
            6.325762872697571,
            1.7581942072284213,
            2.0589252703468315,
            -0.280928411350213,
            0.987793934156101,
            0.07453041927529416,
            0.02369659664133412,
            -0.8611933219235408,
            225.48300821433315,
            -0.9715303224924403,
            -1.1822257131286518,
            -0.5180948143867233,
            -1.7287918016073827,
            -0.16660204115319524,
            -0.9361466404825105,
            -2.068965995619897,
            -0.3589919409047613,
            -0.5900240003991114,
            2.0787544904690938,
            0.8536823475706671,
            -0.9187295414767384,
            -2.0879454230659333,
            -0.3638727273029627,
            -0.496730426252901,
            2.4355930761259117,
            1.21052093322745,
            -0.761352483733688,
            -2.162731235660486,
            -2.5826892627176856,
            -2.4299965422875967,
            -3.6271591331461415,
            -2.382489923279337,
            -2.83671206555325,
            -2.204713337416557,
            -3.401875928274841,
            -0.20775160050077568,
            -0.1277453557964695,
            -0.702534183935967,
            -0.31702877965338133,
            -0.3722632748778006,
            -1.220700751189998
          ],
          [
            1.530022592278138,
            2.0820453573742776,
            1.6680383610920548,
            4.105050453213909,
            8.077974151457953,
            9.229481160359521,
            3.651060644059649,
            8.089454546875894,
            -0.034545652722704365,
            -0.09184858466771012,
            -0.39831059555439197,
            -0.9715303224924403,
            222.89445886271062,
            -4.542436968761323,
            -2.3042776706385677,
            -6.78439911206538,
            -0.2869111227905233,
            3.644048582903407,
            1.2074878491240026,
            -2.950155214694981,
            -4.074310168369945,
            1.6270059361703797,
            -2.77781303691243,
            4.330426094513276,
            1.8956030476897068,
            -2.3107942483447155,
            -3.454560798976603,
            2.359360731075716,
            -2.0454582420071885,
            -0.7571032906178643,
            -3.6300690039222183,
            -4.635097207904279,
            0.17115623947757475,
            -4.2574105915525475,
            -2.237316598466534,
            -3.3184611696725765,
            3.0326736105482786,
            -1.3958932204821934,
            -0.8402744446900218,
            3.6407626933871615,
            1.3647482446863564,
            2.741980041635901,
            2.4168577934185755,
            -4.436013208805168
          ],
          [
            1.725242089389392,
            2.4905471458945176,
            2.0178895122205183,
            5.000272144828983,
            9.23280783215355,
            10.67178484286267,
            3.963677967341288,
            9.430400208828367,
            -0.0134946644624294,
            -0.09390609420553878,
            -0.48050068705497617,
            -1.1822257131286518,
            -4.542436968761323,
            221.12369410087777,
            -2.7795019409603854,
            -8.292649800015893,
            -0.3355059131593568,
            4.450240416291836,
            1.4653477332593339,
            -3.605829811574862,
            -4.983481306508997,
            2.016608056383639,
            -3.3905690624853753,
            5.352480452928064,
            2.3756040325748984,
            -2.7626228992520985,
            -4.181004145816411,
            2.9213120412784583,
            -2.4858650775907463,
            -0.9085011661951486,
            -4.261838928006482,
            -5.519242933055591,
            0.42663071350490933,
            -5.023332099141756,
            -2.530647797550932,
            -3.8792363972514434,
            3.951847121247466,
            -1.4981156913989715,
            -1.0177418369668736,
            4.554477222420584,
            1.7608264583141475,
            3.4368038977978763,
            3.044209523663349,
            -5.452695023058405
          ],
          [
            -0.056565880502408246,
            0.00090672468183278,
            1.9657385516044685,
            2.5326380990827673,
            5.110343931314114,
            5.7961716199122995,
            6.117940649041645,
            9.309234800940734,
            0.10512583608191728,
            0.10647554884996553,
            -0.3296746542698624,
            -0.5180948143867233,
            -2.3042776706385677,
            -2.7795019409603854,
            224.52700015817965,
            -4.979334197319006,
            0.03919862213298689,
            2.6603950578198177,
            2.130644415931383,
            -0.6745245881588308,
            -1.3843666036930862,
            -1.4896137128527709,
            -4.647465179195065,
            3.0059197494347374,
            2.4374783960146003,
            -0.43122236000655156,
            -1.0441183852527138,
            -0.8069971123483893,
            -3.964848578691107,
            -1.1181820117156382,
            -1.3825389240476063,
            -2.0143607058097484,
            0.06616323862272636,
            -3.110474667010384,
            -0.06821976909284146,
            -0.6956857823621833,
            1.072091754180859,
            -2.104546151452261,
            -0.4875269495916757,
            0.18295530158387965,
            -1.685436218512399,
            -0.42528701517240675,
            -1.1216045113732838,
            -3.1887038783786124
          ],
          [
            1.4233232691930895,
            2.436655222827703,
            4.147893157724284,
            7.533682581257061,
            11.87623966430855,
            14.135928423867384,
            8.699951929660202,
            17.809109176851504,
            0.16475838762108685,
            0.0677240174140973,
            -0.8530997812711286,
            -1.7287918016073827,
            -6.78439911206538,
            -8.292649800015893,
            -4.979334197319006,
            212.9743646191012,
            -0.2137416586010926,
            7.144664496774331,
            3.7874335244380504,
            -3.9832277189076595,
            -6.140537061201281,
            0.10313926358769582,
            -8.833105141919974,
            8.64441370287279,
            5.256254883868647,
            -2.7008886248406836,
            -4.805299326578958,
            1.9183687485072891,
            -7.017875657000421,
            -2.251431692745928,
            -4.888734153120543,
            -6.928466829908822,
            0.9991088737526407,
            -8.041515234577563,
            -1.6326979483738113,
            -3.7426618059822707,
            5.421236070512531,
            -3.619388037817878,
            -1.4966921650500888,
            4.631850438498293,
            -0.2894311206970567,
            2.8148294019907008,
            1.5806775445816799,
            -9.056164341001923
          ],
          [
            1.5526003344332517,
            1.3762540663906773,
            -0.058921964188335396,
            0.5475052548066051,
            0.864513622291719,
            0.9210108380607376,
            -1.0066270460741005,
            -0.8151791163781055,
            -0.18646977064536918,
            -0.1773028943317001,
            -0.052809556384179765,
            -0.16660204115319524,
            -0.2869111227905233,
            -0.3355059131593568,
            0.03919862213298689,
            -0.2137416586010926,
            226.26859323099427,
            0.3029653087456018,
            -0.2622624065822593,
            -1.152273806176642,
            -1.2126110652173052,
            0.23716288256052845,
            0.10541636736000386,
            0.2877241978906957,
            -0.2875585429792849,
            -1.2416744996966564,
            -1.2739965164395533,
            0.24109242927851385,
            0.10934591407782919,
            0.040489521348170285,
            -0.44026541413573056,
            -0.49982769684737366,
            -0.3360670703069751,
            -0.4811195915862308,
            -0.662034726920164,
            -0.747245937273544,
            -0.12476296659996462,
            -0.26981548787898185,
            -0.06605028952166403,
            0.6564972629437217,
            0.6737334222411412,
            0.6517345713715237,
            0.794633206792697,
            -0.19399688137248797
          ],
          [
            2.9909116541190923,
            5.441409208551217,
            13.830473557655486,
            10.774770864732906,
            -4.453111051810789,
            -5.602218667009412,
            -5.354071842128029,
            -9.598350468684577,
            -0.27414220715228466,
            -0.31489586321783397,
            -1.4656273490837086,
            -0.9361466404825105,
            3.644048582903407,
            4.450240416291836,
            2.6603950578198177,
            7.144664496774331,
            0.3029653087456018,
            187.94230808387587,
            -35.95368078580217,
            -8.208471590545262,
            -7.002379899747145,
            -5.19342239181215,
            -1.2764086112041095,
            -34.90019356779945,
            -31.702531923457563,
            -3.478185188668636,
            -3.4917591587010395,
            -4.871888977215806,
            -0.9548751966081456,
            -0.2751882865214223,
            -1.0607222981646482,
            -0.3638333293093903,
            -1.200381417896026,
            2.956218075485167,
            -0.9325626718890175,
            0.13259023367992404,
            -5.517459534327608,
            -1.3608600409463771,
            0.7571466351329519,
            -7.3344405312438345,
            -5.7050141478295,
            -5.9363062161311335,
            -6.305810232990469,
            4.097481848494702
          ],
          [
            5.211042245400225,
            8.197228939653806,
            14.541956049021943,
            15.171572048180547,
            -0.3358602613702794,
            -0.7079750594319064,
            -8.326374866552333,
            -10.344395097364892,
            -0.42347097563061503,
            -0.5430410122855394,
            -1.846510296914462,
            -2.068965995619897,
            1.2074878491240026,
            1.4653477332593339,
            2.130644415931383,
            3.7874335244380504,
            -0.2622624065822593,
            -35.95368078580217,
            189.7269524739436,
            -11.255078262176967,
            -10.737658704244241,
            -0.7747524631516118,
            0.9465834861482023,
            -31.833104476759445,
            -32.337688269630284,
            -6.160426354926876,
            -6.894436577764607,
            -0.1464875044424307,
            1.5748484448575781,
            0.07794448817190375,
            -6.1751945049237245,
            -6.199520527478697,
            -2.1001674728051927,
            -0.1553760902693858,
            -6.536726593743722,
            -6.359096224409735,
            -3.6629912287882105,
            -1.718199846252444,
            0.14670745244731373,
            -2.96452271080933,
            -2.022446366173301,
            -2.1057090149380553,
            -1.8094212027412697,
            1.9121230231657507
          ],
          [
            0.22253952037077976,
            2.3632085632920474,
            -2.4082342977101527,
            0.4237223789567033,
            6.884742885097734,
            7.966683752140687,
            -3.156496335412241,
            -0.3545322419633556,
            0.4853357074409084,
            0.26873050775576734,
            0.26479063980499756,
            -0.3589919409047613,
            -2.950155214694981,
            -3.605829811574862,
            -0.6745245881588308,
            -3.9832277189076595,
            -1.152273806176642,
            -8.208471590545262,
            -11.255078262176967,
            197.0053848099217,
            -29.825083267567834,
            -12.019494530758685,
            -14.647892339820343,
            -5.871816363169484,
            -8.493822542378645,
            -26.321886160744125,
            -27.67715306838185,
            -12.746199578053982,
            -15.374597387115085,
            0.9373428224890793,
            -0.534773729049783,
            -1.51661320781094,
            -1.0570111655571153,
            -4.118316342669485,
            1.7975228425395895,
            0.8631998661591631,
            2.833003497518537,
            -0.2283016795936758,
            -0.6416253531708193,
            8.503396645441278,
            7.36023668944189,
            7.625403402498462,
            8.040247726437768,
            -2.524802907353586
          ],
          [
            2.212561839560611,
            4.301496809510719,
            -2.4241050286487775,
            1.0932068233757364,
            8.572626338660646,
            10.019991202724468,
            -2.614191994505308,
            1.637728537849023,
            0.2744657547548456,
            0.06969981793810938,
            0.19544416727749764,
            -0.5900240003991114,
            -4.074310168369945,
            -4.983481306508997,
            -1.3843666036930862,
            -6.140537061201281,
            -1.2126110652173052,
            -7.002379899747145,
            -10.737658704244241,
            -29.825083267567834,
            196.1962815216273,
            -11.631327278288087,
            -15.709663230985214,
            -4.46954653005528,
            -7.809092123914869,
            -26.371024082900156,
            -28.08804374267483,
            -11.913479612667153,
            -15.991815565364567,
            0.6595201133639613,
            -1.5221047039059916,
            -2.8212411181700228,
            -0.5281631952868012,
            -5.029491876355893,
            1.1994890724275074,
            -0.08599705410206149,
            4.232334676150226,
            -0.26899400491891257,
            -0.9061210664496684,
            9.625718499542609,
            7.722435837563178,
            8.484958392543337,
            8.764287149279982,
            -3.9920505865551053
          ],
          [
            8.609792899125777,
            6.824884732288718,
            -6.172535812879026,
            -10.677858378423172,
            -3.7841251689866184,
            -4.480149192437825,
            12.260089337953763,
            11.67231535363522,
            -1.3801084838640265,
            -1.2249369670768897,
            1.1291537971088745,
            2.0787544904690938,
            1.6270059361703797,
            2.016608056383639,
            -1.4896137128527709,
            0.10313926358769582,
            0.23716288256052845,
            -5.19342239181215,
            -0.7747524631516118,
            -12.019494530758685,
            -11.631327278288087,
            194.96359063176754,
            -31.156162740255823,
            -6.358738691263864,
            -2.0829525291865005,
            -13.085745255787783,
            -12.28038168613915,
            -31.561820368161435,
            -31.037246358237592,
            -0.8825851962195616,
            3.9180086352776504,
            4.550572022101555,
            1.0815917118978993,
            1.431774033621654,
            5.068783319234858,
            5.877840274834633,
            -1.9805030301672713,
            -1.6303207084436666,
            0.36529282925871404,
            -8.699225440282245,
            -9.333765478828179,
            -8.579011348461362,
            -10.1299948523244,
            0.5889776037145174
          ],
          [
            10.102516988306087,
            9.03992049732123,
            -3.3760431655583902,
            -5.684664046232321,
            3.030564018232221,
            3.850484154613735,
            16.326493006056243,
            21.815247286769765,
            -1.351844216167799,
            -1.2663583595276273,
            0.4949748094340115,
            0.8536823475706671,
            -2.77781303691243,
            -3.3905690624853753,
            -4.647465179195065,
            -8.833105141919974,
            0.10541636736000386,
            -1.2764086112041095,
            0.9465834861482023,
            -14.647892339820343,
            -15.709663230985214,
            -31.156162740255823,
            190.02335617925593,
            -1.4081377443739949,
            0.651828380991808,
            -14.766906585572613,
            -15.38243514803366,
            -29.703024651638888,
            -35.16783311407419,
            -2.5100017143045337,
            1.1855955635225344,
            0.42070575394658666,
            1.7478403919337002,
            -3.9486811400352337,
            4.5061320672207295,
            3.877435915074987,
            1.5107072184632162,
            -4.185814313505733,
            -0.6240294568657639,
            -5.623873991626417,
            -9.576878523867546,
            -6.670394762638608,
            -9.093942934089673,
            -5.45701512820372
          ],
          [
            5.695411354997624,
            7.225029164910167,
            13.874385436681253,
            10.544674838349845,
            -4.382568651943754,
            -5.906462688307572,
            -4.830507822776641,
            -10.304414070420368,
            -0.9876475077492349,
            -1.0633367646034153,
            -1.538427923326958,
            -0.9187295414767384,
            4.330426094513276,
            5.352480452928064,
            3.0059197494347374,
            8.64441370287279,
            0.2877241978906957,
            -34.90019356779945,
            -31.833104476759445,
            -5.871816363169484,
            -4.46954653005528,
            -6.358738691263864,
            -1.4081377443739949,
            192.9181846716546,
            -30.4104903867502,
            -3.8204255788753008,
            -3.0846666334466097,
            -6.806843448584168,
            -1.8562425016942699,
